4294967294,0
4294967279,82
4294967279,80
4294967279,84
4294967279,83
4294967279,81
4294967279,92
4294967279,91
4294967279,90
4294967279,89
4294967279,87
4294967279,86
4294967279,85
4294967279,257
4294967278,416
4294967279,254
4294967279,252
4294967278,252
4294967279,250
4294967278,247
4294967279,100
4294967279,99
4294967279,98
4294967279,97
4294967279,96
4294967279,95
4294967279,94
4294967279,93
4294967279,248
4294967278,415
4294967279,245
4294967278,243
4294967279,242
4294967278,414
4294967279,237
4294967278,233
4294967279,233
4294967279,232
4294967279,229
4294967279,227
4294967279,216
4294967279,103
4294967279,102
4294967279,101
4294967279,226
4294967279,223
4294967279,222
4294967279,105
4294967279,220
13,0
4294967278,217
4294967279,104
4294967278,213
4294967279,111
4294967279,110
4294967279,109
4294967279,108
4294967279,107
4294967279,106
4294967279,339
4294967278,189
4294967278,186
4294967278,183
4294967278,182
4294967278,181
4294967278,180
4294967278,178
4294967278,177
4294967278,176
4294967278,173
4294967278,172
4294967278,169
4294967278,168
4294967278,167
4294967278,165
4294967279,116
4294967279,113
4294967279,112
4294967278,164
4294967278,163
4294967278,158
4294967279,338
4294967278,156
4294967278,149
4294967279,117
4294967279,115
4294967279,114
4294967278,146
4294967278,413
4294967279,337
4294967278,141
4294967279,123
4294967279,122
4294967279,121
4294967279,120
4294967279,119
4294967279,118
4294967278,140
4294967278,138
4294967278,412
4294967279,336
13,14
4294967278,136
4294967279,277
4294967278,4
4294967279,132
4294967279,131
4294967279,130
4294967279,129
4294967279,128
4294967279,127
4294967279,126
4294967279,125
4294967279,124
4294967278,133
4294967279,276
4294967279,275
4294967278,271
4294967279,274
4294967278,270
4294967279,273
4294967278,269
4294967278,268
4294967279,271
4294967278,280
4294967278,265
4294967278,264
4294967278,263
4294967278,9
4294967278,5
4294967278,8
4294967279,335
4294967278,7
4294967278,6
4294967278,257
4294967278,256
4294967278,411
4294967279,334
4294967278,242
4294967278,410
4294967279,333
4294967278,11
4294967278,10
4294967278,229
4294967278,226
4294967278,15
4294967278,14
4294967278,13
4294967278,12
4294967278,221
4294967278,208
4294967278,201
4294967278,198
4294967278,409
4294967278,20
4294967278,19
4294967278,18
4294967278,17
4294967278,16
4294967278,193
4294967278,192
4294967278,190
4294967278,188
11,120
11,119
11,118
11,117
11,116
11,115
11,114
11,113
11,112
11,111
11,110
11,109
11,108
11,107
11,106
11,105
11,0
4294967278,408
4294967278,25
4294967278,24
4294967278,23
4294967278,22
4294967278,21
4294967279,2
4294967279,88
4294967278,175
4294967278,407
4294967278,406
4294967278,170
13,13
4294967278,160
4294967278,30
4294967278,29
4294967278,28
4294967278,27
4294967278,26
4294967278,155
4294967278,154
4294967278,405
4294967278,151
4294967294,471
4294967278,147
4294967278,144
4294967278,32
4294967278,31
4294967278,38
4294967278,36
4294967278,35
4294967278,34
4294967278,33
4294967278,88
4294967279,174
4294967279,260
4294967279,23
4294967279,26
4294967279,138
4294967279,25
4294967279,278
4294967279,22
4294967279,134
4294967279,21
4294967279,288
4294967278,404
4294967279,19
4294967279,18
4294967279,287
4294967278,403
4294967279,17
4294967279,15
4294967279,286
4294967279,269
4294967279,13
4294967279,285
4294967279,263
4294967279,262
4294967279,259
4294967279,281
4294967278,255
4294967278,253
4294967278,251
4294967278,249
4294967278,402
4294967278,245
4294967278,244
4294967278,239
4294967279,0
4294967278,237
4294967278,234
4294967278,232
4294967294,267
4294967294,255
4294967278,132
4294967278,131
4294967278,130
4294967278,129
4294967278,128
4294967278,127
4294967278,126
4294967278,125
4294967278,124
4294967278,123
4294967278,122
4294967278,121
4294967278,120
4294967278,119
4294967278,118
4294967278,117
4294967278,116
4294967278,115
4294967278,114
4294967278,113
4294967278,112
4294967278,111
4294967278,108
4294967278,174
4294967278,222
4294967278,106
4294967278,220
4294967278,105
4294967278,104
4294967278,103
4294967278,102
4294967278,101
4294967278,100
4294967278,99
4294967278,98
4294967278,97
4294967278,96
4294967278,95
4294967278,94
4294967278,93
4294967278,92
4294967278,91
4294967278,90
4294967278,89
4294967278,87
4294967278,86
4294967278,85
4294967278,0
4294967278,260
4294967278,84
4294967278,83
4294967278,82
4294967278,81
4294967278,80
4294967278,79
4294967278,78
4294967278,77
4294967278,76
4294967278,75
4294967278,74
4294967278,73
4294967278,72
4294967278,71
4294967278,70
4294967278,69
4294967278,68
4294967278,67
4294967278,66
4294967278,65
4294967278,64
4294967278,63
4294967278,62
4294967278,61
4294967278,60
4294967278,59
4294967278,58
4294967278,57
4294967278,56
4294967278,55
4294967278,54
4294967278,53
4294967278,52
4294967278,51
4294967278,50
4294967278,49
4294967278,48
4294967278,47
4294967278,46
4294967278,45
4294967278,44
4294967278,43
4294967278,42
4294967278,41
4294967278,40
4294967278,39
4294967278,37
4294967279,133
4294967279,24
4294967279,20
4294967279,16
4294967279,14
4294967279,12
4294967279,11
4294967279,10
4294967279,9
4294967279,8
4294967279,7
4294967279,6
4294967279,5
4294967279,4
4294967294,25
4294967294,472
4294967278,401
4294967278,110
4294967294,12
4294967294,27
4294967294,82
4294967294,83
4294967294,68
4294967294,11
4294967278,109
4294967278,225
0,5
4294967294,7
4294967278,107
4294967278,224
4294967294,6
4294967294,5
4294967278,400
11,104
4294967294,1438
4294967294,1420
4294967294,428
4294967294,492
4294967294,491
37,10
4294967294,490
4294967294,489
4294967278,399
4294967279,332
39,6
39,5
39,4
39,3
39,2
39,1
37,9
37,8
37,7
37,6
37,5
37,4
37,3
37,2
37,1
4294967279,331
4294967294,488
4294967279,330
4294967278,398
4294967294,487
4294967278,397
4294967278,396
4294967294,1422
4294967294,1437
4294967294,1436
4294967294,1435
4294967294,1434
4294967294,486
4294967294,1433
